272326
272283
272282
272240
272239
272238
272231
272229
272228
272227
272226
272168
272138
272137
272113
272112
272110
272109
272108
272107
272106
272084
272082
272080
272079
272077
272075
272074
272072
272071
272068
272067
272065
272064
272062
272059
272056
272054
272052
272050
272047
272044
272028
272027
272021
272018
272008
272006
271996
271995
271992
271979
271972
271971
271967
271966
271958
271957
271952
271951
271950
271949
271947
271946
271945
271944
271938
271935
271934
271933
271932
271929
271918
271917
271914
271909
271903
271899
271829
271828
271827
271826
271757
271756
271754
271750
271749
271748
271746
271744
271743
271741
271739
271737
271736
271735
271726
271725
271722
271719
271714
271713
271704
271703
271700
271699
271698
271697
271696
271695
271694
271693
271692
271691
271690
271689
271688
271687
271686
271685
271684
271681
271680
271679
271678
271676
271674
271673
271670
271669
271668
271663
271660
271659
271658
271633
271623
271618
271616
271614
271613
271612
271611
271610
271609
271607
271606
271605
271604
271601
271599
271596
271594
271593
271564
271563
271560
271558
271555
271553
271549
271547
271545
271541
271540
271533
271532
271530
271528
271526
271522
271514
271513
271512
271511
271510
271509
271508
271507
271506
271505
271504
271503
271500
271496
271495
271485
271481
271478
271476
271468
271466
271440
271439
271434
271433
271427
271426
271417
271414
271412
271411
271408
271407
271405
271403
271399
271393
271377
271375
271370
271367
271365
271364
271363
271362
271361
271360
271358
271356
271354
271353
271352
271349
271346
271345
271344
271343
271338
271337
271335
271334
271331
271329
271327
271321
271320
271319
271317
271316
271314
271313
271302
271301
271298
271297
271295
271271
271270
271264
271263
271262
271261
271260
271259
271256
271255
271200
271191
271162
271161
271160
271154
271153
271147
271146
267842
271127
271104
271103
271100
271096
271093
271092
271090
271089
271087
271086
271085
271059
271038
271037
271029
271028
271027
271026
271025
271024
270999
270998
270920
270915
270911
270910
270909
270908
270899
270897
270881
270879
270866
270848
270843
270836
270835
270834
270833
270827
270723
270703
270702
270701
270694
270692
270654
270589
270588
270531
270529
270528
270527
270525
270524
270523
270522
270508
270507
270505
270496
270494
270484
270482
270451
270421
270419
270412
270406
270405
270404
270402
270325
270287
270286
270285
270284
270279
270277
270275
270274
270273
270268
270267
270266
270265
270264
270263
270257
270256
270255
270253
270251
270248
270247
270245
270244
270240
270233
270230
270229
270227
270226
270225
270222
270209
270207
270204
270203
270201
270199
270198
270196
270195
270192
270191
270190
270187
270186
270185
270184
270183
270182
270181
270180
270179
270178
270177
270169
270131
270130
270129
270128
270127
270126
270125
270123
270122
270121
270120
270118
270117
