114955
114993
114956
114974
114973
114972
114971
114970
114969
114967
114944
114943
114942
114941
114940
114939
114937
114929
114927
114919
114918
114917
114916
114915
114914
114913
114912
114911
114910
114909
114908
114907
114906
114905
114904
114903
114902
114901
114900
114899
114898
114897
114896
114895
114865
114864
114860
114863
114858
114873
114870
114857
114856
114855
114827
114826
114825
114824
114822
114821
114820
114814
114813
114809
114808
114806
114805
114804
114800
114795
114791
114790
114789
114787
114735
114732
114731
114728
114726
114725
114724
114723
114683
114682
114681
114680
114679
114678
114677
114676
114675
114674
114672
114671
114670
114651
114640
114610
114609
114608
114607
114606
114605
114604
114603
114601
114599
114597
114595
114591
114589
114588
114587
114510
114509
114508
114505
114503
114485
114484
114436
114435
114403
114402
114401
114400
114399
114398
114397
114396
114383
114382
114381
114380
114379
114378
114377
114376
114375
114372
114371
114370
114369
114368
114351
114348
114347
114314
114312
114310
114307
114306
114305
114304
114303
114285
114284
114283
114280
114279
114260
114259
114258
114256
114251
114250
114254
114228
114226
114225
114224
114223
114222
114221
114220
114219
114218
114217
114216
114215
114212
114211
114210
114209
114208
114207
114196
114195
114194
114184
114183
114182
114180
114177
114176
114175
114174
114173
114172
114167
114166
114165
114163
114161
114158
114151
114150
114136
114135
114134
114131
114130
114110
114044
113989
113982
113929
113922
113908
113900
113869
113868
113867
113865
113864
113863
113862
113848
113846
113845
113807
113765
113719
113716
113715
113720
113702
113701
113696
113678
113673
113672
113671
113641
113610
113603
113602
113601
113534
113533
113532
113531
113529
113527
113526
113525
113522
113521
113483
113374
113369
113365
113356
113355
113301
113300
113297
113288
113279
113195
113194
113193
113191
113190
113186
113185
113184
113176
113175
113174
113171
113170
113169
113167
113165
113164
113163
113162
113161
113157
113148
113146
113145
113074
113071
113066
113060
113059
113064
113063
113062
112930
112929
112928
112927
112808
112803
112805
112806
112807
112874
112830
112762
112761
112753
112645
112644
112626
112624
112621
112568
112567
112566
112565
112564
112563
112559
112558
112551
112550
112549
112542
112541
112472
112434
112430
112431
112381
112380
112372
112371
112370
112233
112232
112230
112228
112226
112202
112138
112127
112122
112116
112109
112103
112102
112101
112096
112095
112094
112092
112086
112083
112069
111997
111996
111995
111979
111976
111974
111971
111965
111955
111953
111952
111951
111948
111945
111940
111938
111935
111932
111931
111930
111929
111927
111924
111923
111922
111920
111919
111918
111917
111916
111915
111914
111913
111911
111904
111903
111808
111801
111800
111799
111795
111793
111790
111787
111771
111769
111700
111695
111689
111685
111664
111628
111626
111625
111624
111623
111620
111619
111618
111617
111612
111611
111610
111604
111603
111602
111601
111594
111593
111592
111591
111579
111503
111502
111500
111498
111405
111397
111389
111388
111387
111377
111379
111291
111290
111276
111275
111273
111241
111239
111238
111236
111235
111233
111230
111228
111227
111225
111221
111213
111140
111139
111137
111132
111131
111130
111128
111127
111083
111082
111080
111079
111020
111012
110999
110976
110892
110890
110860
110487
110397
110390
110388
110385
110372
110368
110367
110366
110365
110311
110309
110308
110307
110300
110299
110298
110301
110294
110282
110281
110280
110279
110278
110251
110249
110248
110245
110190
110189
110183
110180
110177
110122
110120
110119
110118
110117
110116
110115
110114
110113
110111
110104
110103
110102
110100
110099
110098
110097
110094
110092
110072
110069
110066
110058
110055
110035
110028
110020
109958
109957
109954
109952
109948
109947
109944
109943
109941
109937
109935
109933
109931
109926
109922
109876
109875
109873
109872
109871
109865
109792
109791
109790
109789
109788
109787
109786
109785
109784
109782
109771
109580
109579
109576
109575
109572
109571
109570
109569
109568
109567
109566
109565
109564
109531
109530
109525
109513
109490
109489
109487
109485
109482
109479
109477
109471
109470
109468
109466
109465
109463
109428
109427
109426
109425
109422
109420
109419
109417
109415
109414
109413
109398
109397
109396
109389
109388
109238
109176
109175
109174
109173
109171
109149
109124
109121
109078
109076
109074
109071
108955
108950
108846
108845
108021
108020
108018
108016
108012
108010
108009
108008
108005
108004
108001
108000
107929
107921
107836
107835
107823
107822
107820
107718
107717
107715
107688
107685
107683
107681
107679
107613
107612
107608
107595
107594
107591
107497
107493
107490
107489
107486
107487
107485
107477
107476
107474
107470
107460
107458
107456
107447
107446
107402
107401
107400
107397
107396
107395
107394
107392
107390
107388
107387
107386
107385
107384
107363
107360
107359
107349
107329
107322
107319
107318
107317
107316
107161
107018
107011
106974
106971
106970
106969
106957
106956
106942
106901
106900
106899
106898
106897
106896
106895
106894
106893
106892
106891
106885
106883
106879
106877
106872
106857
106854
106853
106852
106835
106834
106786
106785
106784
106783
106782
106781
106780
106778
106764
106665
106662
106646
106645
106642
106638
106619
106616
106613
106612
106611
106603
106602
106549
106546
106544
106538
106530
106521
106519
106435
106423
106422
106419
106418
106416
106415
106353
106249
106248
106247
106246
106244
106243
106242
106241
106240
106219
106214
106213
106212
106211
106210
106209
106208
106207
106206
106205
106204
106203
106200
106098
106097
106091
106089
106076
106069
106068
106064
106063
106061
106057
106055
106053
106045
106040
106039
106038
106037
106036
106035
106034
105987
105962
105898
105897
105896
105895
105865
105864
105863
105857
105846
105843
105841
105833
105830
105820
105683
105680
105678
105674
105647
105609
105608
105566
105565
105536
105517
105516
105515
105480
105479
105472
105454
105453
105451
105441
105440
105439
105399
105398
105394
105389
105345
105302
105300
105299
105298
105296
105237
105207
105202
105200
105184
105180
105174
105173
105169
105168
105167
105166
105165
105164
105161
105157
105151
105150
105149
105148
105147
105146
105138
104980
104978
104977
104975
104974
104971
104965
104960
104918
104916
104885
104876
104871
104865
104832
104825
104824
104821
104818
104805
104804
104803
104801
104800
104798
104796
104793
104792
104791
104790
104789
104788
104787
104786
104767
104766
104762
104761
104760
104758
104753
104752
104741
104735
104734
104730
104729
104727
104726
104725
104724
104723
104722
104721
104720
104717
104716
104715
104714
104712
104711
104710
104709
104705
104704
104691
104690
104689
104688
104681
104680
104679
104678
104677
104676
104675
104674
104673
104672
104671
104670
104668
104667
104666
104665
104661
104660
104655
104654
104652
104651
104636
104635
104634
104633
104632
104631
104630
104626
104625
104624
104623
104622
104621
104620
104615
104607
104605
104604
104602
104598
104596
104593
104591
104590
104589
104587
104586
104584
104583
104581
104575
104574
104572
104562
104559
104557
104553
104548
104547
104503
103505
103503
103492
103491
103490
103458
103456
103455
103454
103451
103450
103449
103448
103447
103446
103429
103426
103425
103422
103421
103254
103214
103193
103192
103191
103186
103184
103071
103069
103068
103053
103008
102910
102903
102896
102879
102876
102874
102873
102871
102809
102786
102784
102782
102772
102771
102775
102774
102773
102770
102769
102768
102767
102699
102697
102695
102694
102693
102718
102717
102660
102583
102577
102573
102571
102569
102568
102567
102566
102565
102564
102563
102562
102561
102560
102534
102533
102467
102463
102379
102378
102377
102375
102374
102373
102372
102371
102370
102369
102368
102366
102365
102364
102363
102362
102361
102360
102359
102358
102357
102351
102350
102349
102348
102322
102319
102295
102276
102215
102207
102206
102203
102200
102199
102198
102197
102174
102168
102162
102161
102151
102150
102149
102148
102147
102144
102143
102142
102140
102139
102138
102117
102111
102110
102109
102104
102103
102102
102097
102096
102095
102083
102082
102081
102078
102077
102076
102075
102074
102073
102069
102067
102066
102064
102062
101969
101968
101967
101966
101933
101925
101916
101895
101878
101871
101866
101848
101846
101845
101844
101841
101836
101833
101829
101822
101803
101802
101801
101800
101799
101798
101797
101796
101795
101794
101792
101791
101790
101788
101787
101784
101782
101780
101765
101761
101760
101759
101758
101757
101756
101755
101754
101753
101752
101743
101741
101740
101739
101737
101728
101727
101725
101724
101722
101699
101694
101691
101690
101688
101682
101681
101680
101679
101678
101676
101675
101609
101579
101575
101574
101570
101554
101552
101551
101550
101549
101548
101547
101544
101538
101537
101536
101535
101534
101651
101650
101649
101648
101647
101646
101645
101462
101461
101460
101433
101429
101428
101427
101426
101424
101423
101422
101420
101419
101418
101417
101416
101415
101410
101404
101402
101400
101399
101397
101396
101395
101394
101393
101389
101388
101387
101386
101158
101157
101156
101155
101154
101153
101152
101151
101150
101149
101147
101145
101144
101143
101142
101141
101140
101139
101138
101137
101136
101135
101133
101132
101130
101129
101128
101127
101125
101124
101123
101122
101115
101114
101113
101108
101107
101106
101049
101048
101044
101043
101042
101041
101040
101039
101038
101037
101036
101035
101034
101033
101029
100988
100987
100972
100971
100970
100969
100968
100934
100933
100931
100966
100930
100964
100963
100962
100961
100936
100929
100894
100868
100867
100865
100864
100863
100862
100859
100857
100856
100853
100852
100851
100850
100849
100848
100847
100846
100845
100839
100838
100837
100800
100799
100798
100797
120953
120954
120955
120956
120957
120958
120959
120960
120961
120962
120963
120964
120965
120966
120967
120968
120969
120970
120971
100737
100733
100731
100729
100728
100725
100714
100713
100712
100710
100709
100706
100696
100695
100678
100677
100642
100637
100636
100635
100634
100632
100628
100627
100626
100625
100616
100615
100614
100613
100611
100607
100606
100605
100599
100598
100594
100582
100581
100580
100579
100577
100576
100575
100573
100572
100571
100570
100569
100568
100567
100566
100565
100564
100563
100562
100561
100560
100559
100558
100557
100556
100555
100554
100553
100552
100551
100550
100549
100548
100547
100546
100544
100543
100542
100541
100540
100533
100532
100528
100527
100525
100524
100523
100522
100518
100516
100411
100410
100409
100286
100285
100284
100283
100282
100281
100280
100279
100793
100792
100791
100790
100789
100788
100201
100199
100198
100197
100192
100188
100184
100177
100171
100169
100165
100163
100157
100156
100155
100154
100152
100151
100150
100147
100145
100142
100130
100125
100069
100064
100061
100009
99963
99961
99947
99944
99943
99942
99941
99940
99939
99938
99937
99936
99935
99934
99933
99928
99927
99925
99924
99922
99921
99918
99917
99916
99900
99897
99883
99798
120972
120973
99791
120974
120975
120976
120977
120978
120979
120980
120981
99790
120982
120983
120984
120985
120986
99785
99783
99782
120987
120988
120989
99780
99779
99777
99775
120990
120991
120992
120993
120994
120995
120996
99771
99769
120997
120998
120999
99767
99766
99765
99764
121000
99758
99754
99753
99751
99750
99749
99747
99746
99745
99742
99741
99740
99728
99727
99726
99725
99724
99723
99722
99718
99716
99715
99714
99713
99712
99711
99710
99709
99708
99706
99705
99702
99701
99699
99698
99697
99696
99695
99694
99693
99691
99689
99687
99636
99635
99634
99627
99571
99566
99563
99561
99559
99544
99543
99542
99541
99540
99539
99537
99536
99534
99532
99531
99529
99466
99465
99447
99443
99442
99438
99432
99428
99425
99347
99330
99306
99305
99294
121001
121002
121003
99293
121004
99292
121005
121006
99290
121007
121008
99289
121009
99288
99287
121010
99286
121011
121012
99285
121013
121014
99284
121015
121016
121017
121018
121019
121020
121021
121022
99283
121023
121024
121025
121026
121027
121028
121029
121030
99281
99279
99278
99275
99273
99272
99268
99261
99257
99256
99248
99210
99209
99207
99206
99205
99199
99196
99193
99185
99172
99168
99167
99164
99163
99160
99159
99158
99157
99154
99152
99151
99150
99149
99148
99146
99140
99139
99138
99135
99134
99132
99129
99125
99124
99123
99120
99119
99118
99117
99116
99114
99112
99109
99107
99105
99094
99084
99069
99064
99063
99062
99061
98993
98962
98961
98960
98959
98864
98857
98853
98844
98840
98839
98838
98837
98835
98834
98833
98831
98830
98827
98826
98815
98813
98812
98811
98809
98807
98796
98790
98787
98786
98785
98784
98781
98778
98775
98774
98773
98770
98769
98768
98756
98751
98746
98742
98733
98730
98727
98723
98717
98707
98584
98583
98596
98570
98567
98556
98555
98554
98553
98552
98541
98595
98515
98513
98509
98508
98461
98448
98432
98431
98428
98410
98382
98352
98351
98350
98349
98325
98319
98312
98310
98309
98236
98231
98229
98218
98217
98212
98209
98208
98206
98205
98191
98155
98154
98151
98150
95512
95511
95500
95498
95495
95494
95489
95486
95479
95476
95473
95471
95470
95468
95464
95459
95456
95455
95449
95448
95447
95446
95431
95430
95418
95416
95413
95408
95405
95326
95318
95289
95262
95236
95235
95234
95231
95230
95212
95210
95208
95206
95200
95197
95194
95192
95191
95189
95188
95187
95185
95184
95183
95182
95181
95180
95179
95178
95177
95176
95175
95174
95173
95172
95170
95169
95168
95167
95165
95164
95162
95161
95159
95158
95156
95155
95152
95151
121031
95136
95134
95131
95129
95127
95126
95124
95123
95122
95120
95118
95117
95114
95113
95111
95105
95099
95088
95087
95086
95085
95084
95083
95082
95081
95080
95030
95025
95002
94994
94951
94950
94949
94947
94946
94945
94944
94943
94942
94941
94940
94937
94936
94935
94934
94932
94931
94929
94928
94927
94926
94925
94924
94923
94922
94921
94920
94919
94918
94916
94915
94913
94912
94911
94910
94908
94906
94904
94903
94902
94901
94900
94899
94898
94892
94891
94886
94885
94882
94879
94878
94877
94876
94873
94872
94871
94870
94867
94865
94859
94857
94856
94850
94849
94847
94846
94840
94837
94836
94832
94831
94830
94829
94828
94825
94824
94823
94822
94821
94820
94814
94812
94811
94810
94809
94807
94804
94803
94802
94801
94799
94798
94797
94784
94780
94779
94776
94775
94773
94772
94769
94768
94766
94765
94764
94762
94760
94759
94758
94757
94756
94751
94747
94742
94740
94739
94735
94734
94732
94728
94726
94722
94721
94715
94714
94711
94708
94705
94704
94702
94701
94700
94699
94698
94696
94695
94691
94689
94677
94670
94668
94667
94666
94657
94656
94655
94654
94653
94645
94642
94640
94639
94637
94636
94635
94634
94630
94629
94627
94626
94624
94612
94611
94605
94604
94602
94600
94598
94596
94595
94594
94593
94592
94591
94590
94589
94581
94577
94572
94571
94567
94559
94558
94556
94554
94553
94552
94536
94533
94532
94529
94528
94524
94523
94522
94521
94514
94511
94510
94509
94504
94503
94502
94501
94500
94469
94468
94467
94466
94465
94464
94463
94462
94460
94458
94457
94455
94454
94453
94452
94451
94449
94446
94445
94444
94443
94442
94441
94440
94439
94438
94437
94436
94435
94434
94433
94432
94431
94430
94429
94428
94427
94426
94425
94424
94423
94422
94420
94419
94414
94413
94412
94411
94410
94409
94408
94407
94405
94404
94402
94401
94400
94397
94396
94395
94393
94392
94391
94390
94389
94388
94387
94385
94384
94382
94381
94380
94379
94378
94318
94314
94313
94312
94310
94309
94307
94306
94305
94302
94301
94300
94298
94297
94295
94293
94292
94289
94287
94278
94277
94272
94269
94268
94264
94260
94259
94257
94255
94254
94253
94240
94237
94229
94221
94218
94201
94196
94195
94194
94192
94190
94181
94177
94170
94167
94166
94165
94163
94162
94160
94159
94158
94157
94156
94155
94154
94153
94152
94151
94150
94149
94147
94146
94145
94144
94142
94141
94139
94138
94137
94135
94133
94132
94001
93998
93988
93984
93946
93944
93936
93935
93934
93932
93931
93930
93929
93927
93926
93925
93924
93923
93920
93918
93916
93915
93913
93912
93911
93910
93909
93906
93905
93901
93899
93897
93895
93891
93883
93882
93881
93880
93879
93877
93876
93875
93874
93873
93872
93871
93870
93868
93867
93866
93865
93852
90076
90075
90074
90073
90058
90057
90056
90053
90050
90049
90002
89987
89986
89985
89981
89978
89934
89928
89897
89896
89831
89826
89818
89812
89802
89781
89780
89754
89718
89656
89640
89639
89638
89636
89635
89634
89632
89631
89630
89626
89625
89624
89616
89605
89598
89588
89587
89584
89583
89577
89570
89569
89568
89567
89566
89563
89562
89558
89533
89512
89511
89510
89509
89508
89507
89506
89505
89504
89503
89502
89501
89500
89499
89498
89497
89496
89495
89494
89493
89492
89491
89490
89489
89486
89485
89484
89483
89482
89481
89480
89478
89477
89475
89474
89473
89468
89467
89466
89452
89451
89450
89448
89447
89446
89430
89429
89428
89427
89418
89401
89400
89399
89398
89395
89394
89393
89391
89390
89388
89385
89384
89377
89376
89375
89374
89373
89372
89371
89370
89324
89305
89304
89303
89301
89300
89299
89298
89296
89295
89293
89290
89289
89286
89285
89268
89267
89250
89249
89248
89247
89245
89244
89243
89242
89240
89237
89236
89235
89234
89233
89232
89231
89229
89228
89152
89145
89125
89118
89117
89116
89115
89113
89112
89111
89110
89099
89098
89097
89096
89094
89093
89092
89091
89089
89088
89086
89084
89083
89081
89077
89076
89073
89072
89071
89070
89069
89068
89067
89063
89015
88943
88912
88911
88909
88906
88901
88900
88898
88896
88894
88892
88891
88890
88889
88887
88885
88884
88882
88881
88880
88878
88877
88875
88871
88870
88866
88858
88857
88856
88854
88853
88851
88850
88848
88845
88844
88843
88839
88838
88837
88836
88835
88834
88827
88826
88825
88824
88822
88821
88820
88819
88816
88815
88814
88811
88810
88809
88808
88807
88804
88803
88802
88801
88799
86859
86856
86855
86853
86852
86851
86850
86849
86848
86846
86845
86844
86843
86842
86841
86840
86839
86838
86837
86836
86835
86833
86831
86830
86828
86825
86823
86822
86819
86818
86817
86816
86813
86811
86810
86809
86804
86802
86801
86800
86799
86796
86795
86794
86793
86792
86791
86771
86770
86769
86766
86765
86764
86751
86750
86749
86748
86747
86746
86661
86659
86658
86655
86654
86652
86651
86649
86648
86646
86645
86644
86643
86642
86637
86636
86622
86621
86620
86619
86618
86617
86616
86615
86614
86612
86610
86609
86608
86607
86606
86602
86599
86597
86594
86592
86591
86590
86588
86587
86586
86585
86583
86582
86581
86580
86579
86578
86577
86571
86568
86567
86566
86565
86552
86549
86548
86542
86538
86536
86535
86534
86533
86532
86531
86528
86527
86526
86525
86524
86523
86522
86521
86520
86517
86514
86513
86512
86510
86495
86492
86487
86486
86485
86482
86481
86479
86476
86475
86470
86469
86467
86465
86463
86462
86460
86458
86457
86455
86447
86446
86445
86444
86443
86442
86441
86440
86439
86438
86437
86436
86435
86434
86433
86432
86431
86430
86429
86428
86426
86412
86410
86409
86407
86401
86397
86387
86384
86383
86382
86381
86380
86324
86323
86320
86317
86316
86315
86314
86259
86258
86257
86256
86255
86254
86253
86252
86251
86219
86218
86217
86215
86214
86213
86188
86187
86153
86148
86144
86143
86142
86141
86138
86137
86136
86135
86134
86133
86130
86129
86128
86127
86126
86123
86120
86119
86117
86116
86113
86111
86105
86104
86103
86090
86089
86088
86087
86079
86032
86031
86030
86029
85989
85943
85942
85931
85821
85806
85803
85801
85799
85798
85795
85794
85769
85757
85756
85755
85754
85753
85752
85663
85662
85661
85657
85656
85653
85651
85650
85648
85647
85646
85644
85643
85639
85627
85626
85625
85609
85606
85604
85585
85571
85566
85564
85563
85561
85556
85554
85550
85541
85537
85530
85529
85528
85527
85526
85525
85524
85523
85522
85521
85520
85519
85518
85517
85516
85515
85514
85513
85512
85511
85510
85509
85508
85507
85506
85505
85504
85496
85494
85492
85489
85464
85463
85462
85459
85457
85451
85439
85430
85416
85415
85400
85396
85376
85375
85351
85350
85349
85348
85347
85346
85345
85344
85343
85342
85339
85338
85337
85336
85334
85333
85331
85330
85329
85327
85325
85324
85323
85322
85321
85320
85319
85318
85317
85316
85314
85313
85312
85311
85310
85308
85307
85306
85305
85304
85303
85301
85300
85299
85298
85297
85296
85295
85293
85264
85263
85262
85259
85254
85250
85249
85247
85246
85244
85240
85239
85232
85229
85224
85205
85204
85203
85202
85201
85200
85199
85198
85197
85196
85195
85194
85193
85192
85191
85190
85189
85174
85171
85141
85119
85106
85105
85104
85094
85093
85076
85073
85071
85070
85069
85066
85065
85063
85062
85058
85057
85056
85055
85054
85053
85052
85051
85043
85007
85006
85005
85002
85001
85000
84999
84997
84975
84972
84965
84963
84962
84960
84959
84958
84956
84955
84954
84953
84952
84949
84948
84947
84946
84945
84944
84943
84939
84936
84935
84933
84931
84924
84923
84920
84918
84917
84915
84904
84900
84891
84889
84886
84885
84884
84880
84876
84875
84873
84872
84871
84869
84865
84862
84861
84839
84838
84837
84817
84815
84812
84811
84810
84808
84806
84804
84803
84802
84801
84799
84798
84796
84795
84722
84721
84720
84719
84718
84717
84716
84715
84714
84713
84712
84711
84710
84709
84707
84705
84704
84703
84702
84701
84699
84698
84696
84695
84694
84670
84669
84629
84610
84608
84607
84606
84601
84598
84593
84579
84570
84562
84559
84543
84540
84428
84418
84413
84388
84387
84379
84363
84301
84299
84293
84287
84282
84279
84244
84241
84240
84238
84237
84236
84235
84225
84224
84221
84220
84219
84218
84217
84214
84213
84203
84198
84197
84196
84195
84168
84167
84166
84165
84163
84162
84161
84101
84100
84099
84098
84097
84096
84095
84094
84092
84091
84090
84089
84088
84087
84085
84068
84067
84060
84034
84033
84023
84022
84021
84019
84018
84017
84016
84015
84012
84011
84010
84009
84007
84005
84002
83999
83992
83991
83988
83986
83985
83984
83980
83979
83978
83977
83976
83975
83971
83969
83968
83967
83966
83961
83960
83959
83958
83957
83956
83955
83954
83953
83952
83951
83950
83947
83935
83934
83931
83925
83924
83921
83919
83918
83915
83912
83907
83895
83890
81443
81423
81422
81421
81420
81419
81417
81415
81412
81411
81407
81405
81403
81401
81394
81390
81386
81385
81384
81382
81381
81380
81379
81378
81377
81376
81375
81374
81373
81372
81371
81370
81369
81368
81367
81343
81264
81259
81253
81252
81250
81247
81246
81244
81242
81215
81213
81212
81203
81184
81180
81164
81161
81160
81159
81158
81157
81156
81154
81151
81148
81147
81146
81139
81137
81133
81131
81129
81071
81064
81061
81057
81056
81055
81054
81052
81051
81050
81049
81048
81047
81046
81036
81025
81018
81017
81016
81010
81009
81008
81007
81005
81003
81002
81001
80997
80991
80990
80988
80983
80982
80981
80980
80979
80976
80975
80973
80971
80970
80968
80965
80964
80963
80962
80949
80948
80947
80945
80943
80941
80940
80939
80938
80937
80936
80935
80934
80933
80932
80931
80930
80929
80928
80927
80926
80925
80913
80912
78954
78945
78944
78943
78940
78939
78932
78926
78924
78923
78918
78917
78915
78907
78905
78903
78902
78901
78900
78899
78898
78897
78896
78895
78894
78893
78892
78891
78890
78889
78888
78885
78884
78880
78878
78876
78875
78874
78871
78870
78869
78867
78866
78865
78860
78859
78858
78856
78852
78850
78846
78844
78843
78842
78841
78840
78839
78836
78835
78832
78829
78828
78826
78818
78813
78811
78810
78808
78807
78805
78803
78802
78801
78785
78784
78783
78779
78761
78760
78655
78650
78631
78629
78614
78613
78612
78611
78610
78608
78600
78599
78598
78597
78596
78595
78591
78590
78588
78578
78577
78576
78575
78573
78565
78564
78563
78562
78559
78553
78543
78523
78522
78521
78519
78515
78491
78489
78488
78487
78486
78485
78484
78483
78482
78480
78479
78478
78477
78476
78475
78471
78470
78467
78465
78427
78426
78425
78416
78407
78405
78404
78403
78402
78400
78399
78398
78397
78392
78391
78390
78389
78388
78387
78386
78385
78384
78383
78382
78381
78380
78277
78276
78275
78274
78257
78254
78251
78250
78223
78222
78219
78216
78215
78212
78210
78209
78208
78205
78198
78197
78196
78193
78192
78190
78189
78188
78187
78186
78185
78183
78182
78181
78180
78179
78177
78176
78175
78174
75559
75549
75546
75545
75541
75540
75539
75525
75524
75523
75522
75515
75511
75506
75503
75500
75497
75495
75494
75493
75492
75491
75490
75489
75487
75486
75485
75484
75482
75481
75480
75479
75476
75475
75474
75473
75470
75469
75468
75467
75466
75464
75456
75455
75454
75453
75425
75424
75423
75422
75421
75420
75419
75417
75416
75415
75414
75413
75412
75411
75410
75408
75407
75406
75402
75401
75400
75399
75398
75397
75394
75393
75389
75388
75387
75386
75383
75382
75365
75363
75302
75300
75298
75296
75292
75291
75290
75289
75286
75271
75161
75160
75159
75143
75142
75110
75109
75108
75098
75096
75082
75031
74993
74991
74990
74989
74988
74981
74980
74978
74957
74956
74954
74953
74952
74947
74946
74945
74938
74937
74936
74935
74884
74883
74861
74860
74859
74849
74847
74846
74845
74844
74833
74832
74831
74830
74829
74828
74827
74821
74820
74819
74818
74816
74813
74812
74810
74809
74808
74806
74804
74803
74802
74801
74799
74796
74795
74794
74793
74792
74791
74785
74783
74782
74781
74780
74777
74776
74773
74763
74762
74760
74758
74757
74756
74754
74753
74751
74749
74746
74742
74738
74732
74731
74730
74728
74727
74725
74723
74719
74718
74717
74712
74711
74710
74707
74706
74702
74697
74696
74691
74684
74681
74676
74674
74673
74672
74668
74665
74664
74663
74662
74661
74660
74659
74658
74657
74656
74655
74652
74651
74650
74649
74648
74647
74645
74644
74643
74642
74638
74637
74636
74635
74631
74623
72715
72714
72707
72706
72704
72670
72669
72665
72661
72659
72658
72657
72656
72654
72651
72646
72645
72644
72642
72638
72636
72634
72626
72621
72618
72615
72614
72613
72612
72611
72610
72608
72604
72603
72599
72584
72538
72537
72536
72535
72529
72528
72527
72526
72519
72518
72511
72509
72493
72474
72473
72466
72465
72463
72437
72435
72434
72433
72430
72422
72419
72417
72416
72413
72412
72411
72407
72405
72404
72403
72402
72401
72400
72399
72398
72397
72396
72395
72394
72393
72388
72382
72370
72364
72362
72361
72360
72359
72358
72356
72355
72354
72353
72352
72351
72350
72349
72347
72346
72345
71942
71935
71931
71927
71925
71920
71913
71912
71910
71909
71893
71892
71890
71889
71888
71887
71884
71883
71882
71881
71879
71878
71876
71872
71871
71870
71869
71866
71862
71861
71859
71858
71857
71854
71853
71849
71839
71834
71827
71815
71814
71808
71802
71796
71794
71787
71786
69238
69231
69224
69223
69219
69218
69217
69216
69215
69205
69204
69203
69189
69188
69187
69186
69178
69168
69158
69145
69141
69133
69128
69127
69115
69112
69107
69050
69049
69035
69034
69013
69011
69010
69009
69008
69007
68965
68961
68903
68902
68901
68900
68899
68898
68894
68892
68888
68884
68876
66779
66778
66777
66776
66775
66726
66671
66669
66651
66648
66647
66646
66645
66643
66640
66614
66609
66594
66582
65461
65455
65450
65396
65389
65383
65352
65325
65321
65315
65312
65305
65304
65303
65298
65297
65296
65295
65286
65271
65262
65253
65240
65237
65225
65203
65191
65188
65183
65182
65181
65180
65172
65166
65165
65164
65162
65161
65160
65159
65158
65153
65150
65147
59010
59009
58999
58991
58982
58977
58975
58973
58959
58958
58956
58939
58934
58933
58931
58930
58929
58928
58927
58926
58925
58924
58919
58918
58917
58916
58915
58914
58913
58912
58911
58909
58908
58907
58905
58904
58903
58902
58901
58900
58899
58898
58844
58837
58818
58814
58813
58811
58805
58803
58799
58797
58796
58792
58778
58776
58774
58771
58757
58754
58752
58747
58745
58743
58742
58738
58734
58733
58726
58725
58723
58722
58720
58712
58707
58705
58690
58679
58671
55369
55368
55356
55355
55354
55349
55348
55346
55345
55342
55341
55340
55339
55338
55337
55336
55335
55334
55333
55332
55331
55305
55296
55293
55291
55289
55286
55285
55283
55281
55279
55271
55268
55267
55265
55264
55262
55261
55259
55258
55257
55254
55253
55248
55247
55245
55242
55241
55240
55236
55232
55227
55226
55218
55215
55214
55213
55211
55210
55209
55206
55204
55202
55199
55197
55196
55195
55194
55193
55192
55174
55173
53553
53551
53550
53549
53547
53542
53517
53515
53513
53512
53509
53507
53506
53505
53503
53500
53499
53497
53496
53495
53493
53492
53491
53490
53489
53487
53486
53481
53480
53474
53459
53429
53415
53413
53372
53370
53369
53367
53366
53365
53364
53358
53356
53353
53348
53344
53339
53336
53335
53334
53250
53249
53247
53246
53245
53244
53242
53229
53228
53227
53219
53217
53216
53215
53214
53213
53212
53210
53209
53194
53193
53192
53189
53187
53185
53184
53183
53182
53180
53172
53165
53158
53144
53143
53141
53140
53138
53137
53133
53132
53130
53129
53124
53119
53116
53113
53112
53108
53107
53105
53104
53102
53098
53097
53096
53067
53065
53064
53060
53057
53056
53054
53052
53051
53048
53046
53043
53036
53035
53034
53033
53032
53030
53029
53028
53026
53025
53023
53022
53020
53019
53015
53013
53012
53010
53004
53003
52898
52863
52862
52861
52860
52859
97967
52824
52817
52816
52815
52811
52810
52808
52806
52804
52800
52799
52798
52792
52790
52788
52784
52782
52780
52779
52775
52772
52771
52768
52763
52760
52754
52751
52749
52740
52690
52668
52664
52449
52448
52447
52446
52445
47339
47338
47337
47336
47333
47314
47288
47287
47279
47277
47274
47271
47223
47220
47216
47215
47212
47208
47205
47204
47199
47195
47191
47184
47181
47179
47177
47176
47175
47174
47171
47167
43926
43923
43919
43918
43917
43915
43914
43913
43912
43910
43907
43906
43905
43902
43901
43899
43898
43897
43896
43895
43894
43892
43891
43890
43889
43888
43887
43886
43885
43884
43883
43882
43881
43880
43879
43878
43876
43874
43873
43870
43869
43866
43865
43860
43841
43837
43825
43819
43812
43811
43802
43799
43798
43796
43794
43793
43792
43767
43752
43745
43743
43741
43740
38512
38510
38503
38499
38493
38492
38489
38488
38480
38479
38436
38435
38409
38408
38407
38404
38403
38402
38395
38394
38393
38392
38368
38367
38366
38349
38343
33720
33709
33708
33706
33705
33703
33701
33700
33695
33689
33687
33681
33679
33669
33665
33658
33654
33650
33647
33642
33639
33637
33634
33631
33630
33629
33628
33627
33626
33625
33624
33623
33622
33621
33620
33619
33618
33617
33615
33613
31099
31098
31097
31096
28349
28321
28320
28319
28316
28314
28312
28310
28298
28286
28282
28281
28280
27920
27683
27675
27670
27665
27609
27601
27600
27599
27598
27597
27595
27594
27593
27592
27591
27589
27588
27587
27586
27585
27584
27583
27581
27576
27575
27574
27573
27572
27571
27570
27569
27568
27566
27564
27563
27562
27559
27557
27556
27555
27554
27553
27552
27551
27548
27547
27546
27544
27542
27539
27538
27537
27536
27535
27533
27532
27531
27530
27529
27526
27525
27524
27522
27520
27519
27518
27515
27514
27513
27512
27509
27508
27507
27506
27505
27504
27503
27502
27501
27500
27499
27498
27497
27496
27495
27494
27493
27492
27491
27490
27489
27488
27487
27486
27485
27484
27483
27482
27481
27480
27478
27477
27451
27450
27449
27392
27381
27319
27289
27284
27283
27279
27273
27261
27208
27207
27206
27205
27133
27129
27126
27124
27105
27103
27102
27101
27100
27098
27093
27085
27084
27083
27080
27075
27071
27058
27056
27035
27028
27027
27026
27021
27011
27006
27001
27000
26981
26980
26979
26949
26948
26947
26946
26929
26926
26925
26921
26920
26895
26886
26885
26884
26883
26877
26874
26867
26864
26863
26862
26861
26860
26855
26854
26853
26851
26850
26841
26840
26839
26838
26781
26766
26765
26764
26760
26759
26758
26757
26751
26750
26749
26746
26744
26742
26741
26740
26708
26706
26705
26691
26690
26689
26684
26676
26675
26670
26661
26660
26656
26655
26654
26550
26549
26377
26371
26370
26369
26366
26365
26364
26362
26357
26353
26351
26350
26347
26343
26342
26299
26298
26296
26295
26294
26293
26291
26287
26286
26285
26283
26279
26278
26276
26237
26231
26230
26229
26226
26223
26222
26221
26220
26219
26212
26211
26210
26209
26205
26200
26197
26186
26185
26184
26183
26179
26178
26177
26176
26175
26174
26173
26171
26169
26164
26162
26161
26158
26157
26154
26153
26152
26151
26150
26149
26147
26133
26130
26129
26127
26126
26125
26122
26112
26111
26094
26051
26047
26046
26045
26041
26040
26039
26038
26037
26032
25975
25974
25973
25972
25970
25968
25967
25966
25963
25961
25960
25959
25958
25956
25953
25939
25938
25937
25934
25933
25925
25924
25923
25922
25913
25912
25911
25910
25908
25833
25832
25826
25825
25824
25822
25820
25819
25818
25817
25816
25814
25811
25808
25807
25806
25805
25797
25796
25793
25791
25787
25782
25779
25776
25774
25773
25772
25770
25759
25758
25757
25752
25751
25749
25748
25747
25746
25745
25744
25743
25742
25741
25739
25738
25737
25736
25735
25718
25717
25713
25681
25678
25677
25676
25673
25669
25666
25665
25664
25662
25661
25290
25289
25287
25268
25092
25091
25090
25073
25072
25071
25057
25056
25034
24949
24948
24947
24946
24943
24937
24911
24887
24884
24883
24882
24881
24877
24874
24872
24871
24870
24869
24868
23069
23066
23064
23061
23035
23032
23031
23030
23027
23026
23025
23020
23019
23018
23017
23016
23015
23014
23012
23011
23005
23003
23002
23000
22999
22995
22989
22988
22987
22960
22946
22944
22940
22937
22934
22933
22932
22910
22874
22873
22872
22871
22806
22805
22797
22794
22789
22786
22785
22784
22783
22782
22781
22763
22761
22756
22750
22738
22733
22728
22726
22725
22722
22720
22719
22717
22706
22696
22693
22688
22687
22685
22684
22683
22682
22681
22680
22679
22678
22677
22675
22674
22673
22672
22669
22668
22667
22666
22665
22664
22663
22639
22624
22615
22601
22596
22593
22592
22591
22590
22589
22588
22586
22585
22584
22583
22582
22581
22579
22578
22577
22576
22575
22574
22573
22572
22571
22570
22569
22568
22567
22566
22565
22564
22563
22562
22560
22559
22555
22553
22552
22545
22540
22535
22530
22493
22492
22491
22490
22486
22484
22483
22481
22476
22475
22472
22471
22469
22465
22464
22463
22462
22461
22460
22458
22455
22450
22449
22448
22445
22443
22441
22422
22369
22365
22357
22356
22352
22334
22327
22324
22320
22297
22293
22291
22290
22289
22288
22284
22283
22281
22280
22277
22276
22275
22274
22273
22271
22259
22258
22257
22255
22254
22253
22252
22251
22250
22249
22240
22239
22238
22237
22236
22235
22234
22233
22232
22231
22163
22160
22159
22156
22153
22151
22149
22148
22147
22145
22144
22143
22142
22141
22140
22139
22138
22137
22136
22135
22130
22124
22121
22119
22095
22093
22032
22029
22028
22026
22024
22022
22017
22016
22006
22005
22003
22001
22000
21996
21994
21943
21942
21940
21921
21914
21912
21911
21910
21908
21907
21906
21905
21904
21903
21902
21901
21900
21899
21898
21897
21896
21895
21894
21893
21892
21891
21890
21889
21888
21887
21886
21885
21884
21883
21882
21881
21880
21879
21878
21877
21876
21875
21874
21873
21872
21871
21870
21867
21864
21860
21859
21858
21857
21854
21851
21848
21846
21844
21841
21839
21835
21834
21833
21832
21831
21830
21829
21828
21827
21826
21825
21824
21823
21822
21821
21820
21819
21792
21791
21790
21789
21787
21786
21785
21784
21783
21782
21781
21780
21779
21778
21777
21776
21775
21774
21773
21772
21771
21770
21768
21767
21766
21765
21764
21763
21762
21761
21755
21752
21742
21740
21739
21738
21735
21733
21732
21731
21730
21729
21728
21727
21726
21711
21702
21673
21672
21671
21670
21669
21668
21667
21666
21662
21657
21656
21655
21654
21653
21652
21651
21650
21648
21647
21646
21644
21643
21641
21637
21636
21634
21633
21631
21629
21625
21624
21623
21622
21620
21619
21618
21617
21616
21615
21613
21611
21610
21608
21607
21606
21604
21591
21590
21587
21586
21585
21578
21567
21566
21565
21564
21563
21562
21561
21560
21559
21557
21556
21555
21553
21552
21551
21549
21548
21546
21544
21542
